//Homunculus LvUp experience value table
1
1
1
1
1
2
2
3
4
5
7
9
12
15
18
24
31
37
44
51
62
73
85
97
110
129
148
171
191
214
244
276
316
347
385
430
480
532
578
627
693
769
848
917
992
1097
1185
1283
1378
1487
1605
1741
1869
2016
2189
2396
2573
2738
2944
3133
3341
3569
3824
4094
4357
4610
4883
5165
5413
5685
6047
6400
6729
7064
7421
7857
8285
8738
9178
9535
10005
10459
10970
11450
12002
12588
13187
13824
14419
15028
15744
16378
17042
17823
18626
19385
20164
20963
29745
43559
58429
75333
94876
116457
140476
169533
198629
232362
286353
0
200000000
0
