//Homunculus LvUp experience value table
100
200
400
800
1500
2600
4200
6400
9300
13000
17600
23200
29900
37800
47000
57600
69700
83400
98800
116000
135100
156200
179400
204800
232500
262600
295200
330400
368300
409000
452600
499200
548900
601800
658000
717600
780700
847400
917800
992000
1070100
1152200
1238400
1328800
1423500
1522600
1626200
1734400
1847300
1965000
2087600
2215200
2347900
2485800
2629000
2777600
2931700
3091400
3256800
3428000
3605100
3788200
3977400
4172800
4374500
4582600
4797200
5018400
5246300
5481000
5722600
5971200
6226900
6489800
6760000
7037600
7322700
7615400
7915800
8224000
8540100
8864200
9196400
9536800
9885500
10242600
10608200
10982400
11365300
11757000
12157600
12567200
12985900
13413800
13851000
14297600
14753700
15219400
15694800
16180000
16675100
17180200
17695400
18220800
18756500
19302600
19859200
20426400
21004300
0
