//Experience tables format:
//Max Level,Class list,Type (0 - Base Exp, 1 - Job Exp),Exp for Lv 1,2,3,4,5,6,7,8,9,10,11,12,13,14,15,16,17,18,19,20,21,22,23,24,25,26,27,28,29,30,31,32,33,34,35,36,37,38,39,40,41,42,43,44,45,46,47,48,49,50,51,52,53,54,55,56,57,58,59,60,61,62,63,64,65,66,67,68,69,70,71,72,73,74,75,76,77,78,79,80,81,82,83,84,85,86,87,88,89,90,91,92,93,94,95,96,97,98
//Base - Normal and Baby Jobs
110,0:1:2:3:4:5:6:7:8:9:10:11:12:13:14:15:16:17:18:19:20:21:23:26:4023:4024:4025:4026:4027:4028:4029:4030:4031:4032:4033:4034:4035:4036:4037:4038:4039:4040:4041:4042:4043:4044:4045:4046,0,1,1,1,1,1,1,1,1,1,1,2,2,2,2,2,3,3,3,3,3,5,5,5,5,5,6,6,6,6,8,9,10,12,14,16,18,20,22,31,35,40,42,46,53,59,64,70,76,103,116,129,143,158,179,193,216,235,256,331,366,402,443,483,537,586,636,688,741,926,1474,1594,1718,1848,1982,2230,2386,2547,2713,3206,3700,4100,4400,4800,5200,5800,6300,6800,7200,18500,20100,30100,35100,41100,55100,75100,110100,150100,500100,1050100,0,0 //101=0. 102=0
//100,0:1:2:3:4:5:6:7:8:9:10:11:12:13:14:15:16:17:18:19:20:21:23:24:25:26:4023:4024:4025:4026:4027:4028:4029:4030:4031:4032:4033:4034:4035:4036:4037:4038:4039:4040:4041:4042:4043:4044:4045:4046:4047:4048:4049,0,9,16,25,36,77,112,153,200,253,320,385,490,585,700,830,970,1120,1260,1420,1620,1860,1990,2240,2504,2950,3426,3934,4474,6889,7995,9174,10425,11748,13967,15775,17678,19677,21773,30543,34212,38065,42102,46323,53026,58419,64041,69892,75973,102468,115254,128692,142784,157528,178184,196300,215198,234879,255341,330188,365914,403224,442116,482590,536948,585191,635278,687211,740988,925400,1473746,1594058,1718928,1848355,1982340,2230113,2386162,2547417,2713878,3206160,3681024,4022472,4377024,4744680,5125440,5767272,6204000,6655464,7121664,7602600,9738720,11649960,13643520,18339300,23836800,35658000,48687000,58135000,99999999,343210000
//100,0:1:2:3:4:5:6:7:8:9:10:11:12:13:14:15:16:17:18:19:20:21:23:24:25:26:4023:4024:4025:4026:4027:4028:4029:4030:4031:4032:4033:4034:4035:4036:4037:4038:4039:4040:4041:4042:4043:4044:4045:4046:4047:4048:4049,0,10,18,28,40,85,123,168,220,278,400,481,613,731,875,1038,1213,1400,1575,1775,2268,2604,2786,3136,3506,4130,4796,5508,6264,9645,12392,14220,16159,18209,21649,24451,27401,30499,33748,47342,58160,64711,71573,78749,90144,99312,108870,118816,129154,174196,213220,238080,264150,291427,329640,363155,398116,434526,472381,610848,731828,806448,884232,965180,1073896,1170382,1270556,1374422,1481976,1850800,3389616,3666333,3953534,4251217,4559382,5129260,5488173,5859059,6241919,7374168,9570662,10458427,11380262,12336168,13326144,14994907,16130400,17304200,18516326,19766760,29216160,34949880,40930560,55017900,71510400,106974000,146061000,174405000,343210000,1343210000
//Base - Adv Jobs & ninja & gunslinger & star gladiator & soul linker
110,24:25:4047:4048:4049:4001:4002:4003:4004:4005:4006:4007:4008:4009:4010:4011:4012:4013:4014:4015:4016:4017:4018:4019:4020:4021:4022,0,1,1,1,1,1,2,2,2,2,2,3,3,3,3,4,4,4,5,5,5,6,6,7,7,8,8,9,9,10,12,14,16,18,21,24,27,30,33,47,58,64,71,78,90,99,108,118,129,174,213,238,264,291,329,363,398,434,472,610,731,806,884,965,1073,1170,1270,1374,1481,1850,3389,3666,3953,4251,4559,5129,5488,5859,6241,7374,9570,10458,11380,12336,13326,14994,16130,17304,18516,19766,29216,34949,40930,55017,71510,106974,146061,174405,700100,1500000,0,0 //101=0. 102=0
//Job - Novice
10,0:4023,1,1,1,2,2,3,3,3,4,4
//Job - 1st Classes
50,1:2:3:4:5:6:26:4024:4025:4026:4027:4028:4029:4046,1,1,1,1,2,2,2,2,3,3,3,4,4,5,5,6,6,7,8,9,10,11,12,13,14,15,16,17,18,23,28,36,39,43,52,62,78,84,90,107,125,153,191,204,248,286,386,409,482,509
//Job - 2nd Classes
50,7:8:9:10:11:12:13:14:15:16:17:18:19:20:21:4030:4031:4032:4033:4034:4035:4036:4037:4038:4039:4040:4041:4042:4043:4044,1,1,2,2,3,4,5,6,7,8,9,10,12,14,16,18,20,22,24,26,35,38,42,52,66,82,89,96,117,144,174,186,199,238,286,337,358,380,447,526,610,644,793,921,1106,1260,1487,1557,1990,2083
//Job - Super Novice
110,23:4045,1,1,1,1,1,2,2,2,2,3,3,3,4,4,5,5,6,6,7,7,8,8,9,9,10,11,15,16,18,23,28,36,39,43,52,62,78,84,90,107,125,153,191,204,248,286,386,409,482,509,982,992,1002,1012,1022,1032,1042,1052,1062,1072,1082,1092,1102,1112,1122,1132,1142,1152,1162,1172,1182,1192,1202,1212,1222,1232,1242,1252,1262,1272,1282,1292,1302,1312,1322,1332,1342,1352,1362,1872,2382,3392,4402,6412,7220,14320,14420,14520,14620,1543219,0
//Job - Novice High
10,4001,1,1,2,2,3,3,4,4,5,6
//Job - Adv First Classes
50,4002:4003:4004:4005:4006:4007,1,1,1,1,2,2,2,3,3,3,4,4,4,5,5,6,6,7,8,9,10,11,12,14,18,28,38,42,46,58,70,91,99,107,131,156,195,210,226,369,414,584,679,750,830,955,1265,1524,2205,3273
//Job - Adv Second Classes & ninja & gunslinger & star gladiator & soul linker
75,24:25:4047:4048:4049:4008:4009:4010:4011:4012:4013:4014:4015:4016:4017:4018:4019:4020:4021:4022,1,4,6,10,12,24,34,42,62,67,73,85,98,133,189,231,235,240,251,268,287,296,305,331,367,406,423,441,494,562,579,613,648,756,787,927,985,1046,1231,1449,1678,1773,2182,2534,3043,3782,4461,4672,5971,6250,6875,7562,8318,9150,10065,11877,14015,16538,19515,23028,28094,34275,41816,71015,92239,109666,151972,190524,207071,253852,0,0,0,0,0
//Job - Star Gladiator & 
//50,4047:4048,1,27434,27434,27434,27434,27434,27434,27434,27434,27434,27434,27434,27434,27434,27434,27434,27434,27434,27434,54868,70216,77154,84412,105416,133942,165376,179088,193338,235642,289842,348402,373354,399168,477234,572732,674294,716870,760752,895370,1053978,1220492,1289472,1587070,1843620,2213516,2521910,2974608,3115314,3981264,4166772