//Legend: b: base, gn: growth min, gx: growth max, en: evolution min, ex: evolution max
//Note: Only the growth values are in a 1/10 scale, the other stats are 1/1 (eg: 5 gmAGI means 0.5 agi)
//class,evo_class,name,foodID,hungryDelay,base_size,evo_size,race,element,bASPD,bHP,bSP,bSTR,bAGI,bVIT,bINT,bDEX,bLUK,gnHP,gxHP,gnSP,gxSP,gnSTR,gxSTR,gnAGI,gxAGI,gnVIT,gxVIT,gnINT,gxINT,gnDEX,gxDEX,gnLUK,gxLUK,enHP,exHP,enSP,exSP,enSTR,exSTR,enAGI,exAGI,enVIT,exVIT,enINT,exINT,enDEX,exDEX,enLUK,exLUK
6001,6009,Lif,537,60000,0,1,7,0,700,225,60,25,30,22,52,36,18,90,150,6,14,8,29,8,29,8,29,6,30,9,30,9,30,2,15,15,30,2,8,2,6,2,8,6,15,2,15,2,5
6002,6010,Amistr,912,60000,0,1,2,0,700,400,15,30,25,53,19,36,18,120,195,2,6,12,30,6,30,6,30,2,15,5,29,5,29,15,30,2,15,2,15,2,8,6,15,2,5,2,6,2,8
6003,6011,Filir,910,60000,0,1,2,0,700,135,38,44,53,14,12,45,14,68,113,5,9,6,30,12,30,2,15,5,29,6,30,5,29,8,23,8,23,6,15,2,15,2,5,2,6,2,8,2,8
6004,6012,Vanilmirth,911,60000,0,1,0,0,700,120,17,17,17,17,17,17,17,45,225,1,11,2,45,2,45,2,45,2,45,2,45,2,45,2,45,2,45,2,15,2,15,2,15,2,15,2,15,2,15
6005,6013,Lif,537,60000,0,1,7,0,700,225,60,26,30,23,53,36,18,90,150,6,14,8,29,8,29,8,29,6,30,9,30,9,30,2,15,15,30,2,8,2,6,2,8,6,15,2,15,2,5
6006,6014,Amistr,912,60000,0,1,2,0,700,480,15,30,26,53,17,36,18,120,195,2,6,12,30,6,30,6,30,2,15,5,29,5,29,15,30,2,15,2,15,2,8,6,15,2,5,2,6,2,8
6007,6015,Filir,910,60000,0,1,2,0,700,135,38,44,53,14,12,45,14,68,113,5,9,6,30,12,30,2,15,5,29,6,30,5,29,8,23,8,22,6,15,2,15,2,5,2,6,2,8,2,8
6008,6016,Vanilmirth,911,60000,0,1,0,0,700,120,17,17,17,17,17,17,17,45,225,1,11,2,45,2,45,2,45,2,45,2,45,2,45,2,45,2,45,2,15,2,15,2,15,2,15,2,15,2,15
