// for mobs
// mob_id,sprite_id,equip #
// Use another mob's sprite for a monster.  0 for sprite will disable mob.
// Mob must have an equipment it's pet counterpart can use or it will cause problems.  If no equip use 0.
// The following if a player sprite is used
// MobID,SpriteID,Sex,Hair,Hair_Color,Weapon,Shield,Head_Top,Head_Middle,Head_Bottom,Option,Dye_Color
// Use Item ID for weapons and shields, not View ID.

//1002,1039	//Poring,Baphomet (Make Porings look like Baphomet)
1562,1028,0 //g_soldier skeleton
1491,1110,0 //g_dokebi
1420,1016,0 //g_archer_skeleton
1744,1261,0 //g_wild_rose
2004,1261,0 //g_wild_rose1
2005,1261,0 //g_wild_rose2
1743,1249,0 //g_myst_case
1461,1149,0	//g_minorous
1999,1038,0	//g_osiris (Custom)
2250,1132,0	//Giant Khalitzburg
2251,1582,0	//Giant Deviling
2301,1288,0	//Fake Emperium
2302,1398,0	//Event Crystal 1
2303,1398,0	//Event Crystal 2

2001,1091,0		//G_DRAGON_FLY
2002,1092,0		//G_VAGABOND_WOLF
2003,1089,0		//G_TOAD

1502,1613,0	//PORING_V


//Crusader quest monsters with poring stats
1910,1036,0
1911,1132,0
1912,1257,0
1913,1164,0
1914,1276,0

// Easter Event Monsters
1920,1047,0
1921,1093,0

// eAthena Dev Team
// Valaris
//1900,4013,1,1,1,1254,0,67,12,54,16,1
1900,12,1,1,1,1254,0,67,12,54,16,1
// Valaris Worshiper
1901,6,1,1,1,1219,2101,67,12,54,0,1
// MC Cameri
1902,14,1,6,6,1101,2105,0,0,0,32,3
// Poki#3
//1903,4012,1,21,0,1720,0,102,184,57,16,0
1903,11,1,21,0,1720,0,102,184,57,16,0
// Sentry
1904,1286,0

// eAthena Custom Equipped Mobs
1970,1002,10013
1971,1011,10002
1972,1014,10017
1973,1019,10010
1974,1023,10009
1975,1026,10008
1976,1029,10006
1977,1031,10013
1978,1035,10002
1979,1042,10002
1980,1049,10012
1981,1052,10014
1982,1056,10019
1983,1057,10018
1984,1063,10007
1985,1077,10017
1986,1101,10001
1987,1107,10003
1988,1109,10004
1989,1110,10005
1990,1113,10013
1991,1155,10011
1992,1167,10015
1993,1170,10016
1994,1188,10020





// MobID,SpriteID,Sex,Hair,Hair_Color,Weapon,Shield,Head_Top,Head_Middle,Head_Bottom,Option,Dye_Color
//-=-=-=-CSS25 Custom Mob Avail(MALE)-=-=-=-
2068,0,1,8,8,1218,1,16,65,0,0,0 //novice
2069,1,1,2,7,1163,2,40,100,53,0,0 // Swordman
2070,2,1,18,6,1473,0,130,0,55,0,0 // Mage
2071,3,1,16,5,1716,0,72,0,56,0,0 // Archer
2072,4,1,5,4,1515,2102,11,0,57,0,0 // Aco
2073,5,1,17,3,1363,2,86,78,0,40,0 // Merchant
2074,6,1,15,2,1222,2102,67,0,8,0,0 // Thief

2075,7,1,14,1,1161,3,40,100,53,0,0 //Knight
2076,8,1,5,8,1551,0,93,68,0,0,9 //Priest
2077,9,1,18,7,1473,0,112,68,0,0,0 // Wizard
2212,9,1,18,7,1473,0,76,68,0,0,0 // Wizard Pre-caster
2078,10,1,17,6,1365,2,32,0,54,512,0 // BS
2079,11,1,16,5,1718,0,72,83,0,16,0 // Hunter
2080,12,1,15,4,1255,0,48,0,52,0,0  // Assassin 
2081,13,1,7,3,1161,3,103,100,53,32,0 // Knight Peco

2082,14,1,8,2,1468,3,103,100,53,0,0 // Crusader
2083,15,1,5,1,1812,0,93,78,57,0,0 // Monk
2084,16,1,18,8,1552,0,105,68,0,0,0 // Sage
2085,17,1,15,7,1240,2,110,0,52,0,0 // Rogue
2086,18,1,17,6,1365,0,181,0,56,256,0 // Alchemist
2087,19,1,16,5,1913,0,105,83,56,0,0 // Bard
2088,21,1,8,3,1468,3,88,100,53,32,0 // Crusader (Peco)

2090,4001,1,8,1,1218,1,38,0,0,0,0 // NH
2091,4002,1,2,8,1163,2,40,100,53,0,0 //SH
2092,4003,1,18,7,1473,0,130,0,0,0,0 //MH
2093,4004,1,16,6,1716,0,72,83,0,0,0 //AH
2094,4005,1,5,5,1515,2102,11,0,0,0,0 //ACH
2095,4006,1,17,4,1363,2,38,0,0,40,0 //MCH
2096,4007,1,15,3,1222,2102,67,0,8,0,0 //TH

// MobID,SpriteID,Sex,Hair,Hair_Color,Weapon,Shield,Head_Top,Head_Middle,Head_Bottom,Option,Dye_Color
// Normal
2097,4014,1,14,2,1416,3,103,507,100,32,1 //LK - Turok
2098,4009,1,5,1,1552,2,105,506,57,0,1 //HP - Bola
2099,4010,1,18,5,1473,1,606,82,56,0,1 //HW - Dr.Pimpolho
2100,4011,1,17,7,1368,2,601,345,57,1024,1 //WS - Elfo
2101,4012,1,16,6,1720,0,603,509,56,16,1 //SNIPER - Baltazar
2102,4013,1,15,5,1261,0,138,503,52,0,1 //ASC - Meteoro
2103,4022,1,8,4,1137,4,602,100,53,32,1 //PALADIN - Yuri
2104,4016,1,5,3,1814,0,165,504,57,0,1 //CHAMPION - Gleen
2105,4017,1,18,2,1552,0,605,73,55,0,1 //PROF - HotGuy
2106,4018,1,15,1,1240,2,110,502,52,0,1 //STALKER - T.Roz
2107,4019,1,17,8,1366,2,30,508,57,1024,1 //CREATOR - Hermes
2108,4020,1,16,7,1913,0,604,505,56,0,1 //CLOWN - Sola
2157,4021,0,18,6,1963,0,117,505,56,0,0 //GYPSY - Yuufa

2142,4008,0,12,7,1416,3,115,507,100,0,1 //LK - Chii
2146,4012,0,3,8,1720,0,197,509,56,16,0 //SNIPER - Krool
2152,4019,0,20,1,1366,2,182,508,56,1024,0 //CREATOR - Dimasi
2089,23,1,8,2,1218,1,193,125,510,8,1 // SNovice - Spok
//Carnaval:
//2097,4014,1,14,2,1416,3,305,507,100,32,1 //LK - Turok
//2098,4009,1,5,1,1552,2,306,506,57,0,1 //HP - Bola
//2099,4010,1,18,5,1473,1,307,82,56,0,1 //HW - Dr.Pimpolho
//2100,4011,1,17,7,1368,2,308,345,57,1024,1 //WS - Elfo
//2101,4012,1,16,6,1720,0,305,509,56,16,1 //SNIPER - Baltazar
//2102,4013,1,15,5,1261,0,306,503,52,0,1 //ASC - Meteoro
//2103,4022,1,8,4,1137,4,307,100,53,32,1 //PALADIN - Yuri
//2104,4016,1,5,3,1814,0,308,504,57,0,1 //CHAMPION - Gleen
//2105,4017,1,18,2,1552,0,305,73,55,0,1 //PROF - HotGuy
//2106,4018,1,15,1,1240,2,306,502,52,0,1 //STALKER - T.Roz
//2107,4019,1,17,8,1366,2,307,508,57,1024,1 //CREATOR - Hermes
//2108,4020,1,16,7,1913,0,308,505,56,0,1 //CLOWN - Sola
//2157,4021,0,18,6,1963,0,305,505,56,0,0 //GYPSY - Yuufa

//2142,4008,0,12,7,1416,3,306,507,100,0,1 //LK - Chii
//2146,4012,0,3,8,1720,0,307,509,56,16,0 //SNIPER - Krool
//2152,4019,0,20,1,1366,2,308,508,56,1024,0 //CREATOR - Dimasi
//2089,23,1,8,2,1218,1,305,125,510,8,1 // SNovice - Spok
// Fim MVPs

2109,4046,1,8,5,0,0,0,0,38,0,1 //TK
2110,4047,1,21,4,1222,0,38,0,0,0,1 //SG
2111,4048,1,22,3,1222,0,38,0,0,0,1 //FSG
2112,4049,1,23,2,1222,0,38,0,0,0,1 //SLinker

//-=-=-=-CSS25 Custom Mob Avail(FEMALE)-=-=-=-
2113,0,0,20,8,1218,2102,1,38,0,0,0,0 //novice
2114,1,0,19,7,1163,2,40,12,8,0,0 // Swordman
2115,2,0,18,6,1473,0,130,125,0,0,0 // Mage
2116,3,0,17,5,1716,0,72,0,55,0,0 // Archer
2117,4,0,16,4,1515,2102,64,0,0,0,0 // Aco
2118,5,0,15,3,1363,2,139,0,0,40,0 // Merchant
2119,6,0,14,2,1222,2102,131,0,56,0,0 // Thief

2120,7,0,13,1,1161,3,40,100,53,0,0 //Knight
2121,8,0,12,8,1551,0,64,0,0,0,0 //Priest
2122,9,0,11,7,1473,0,36,0,0,0,0 // Wizard
2123,10,0,10,6,1365,2,38,0,0,512,0 // BS
2124,11,0,9,5,1718,0,72,83,0,16,0 // Hunter
2125,12,0,8,4,1255,0,67,0,52,0,0 // Assassin
2126,13,0,7,3,1161,3,40,100,53,32,0 // Knight Peco

2127,14,0,6,2,1468,4,40,100,53,0,0 // Crusader
2128,15,0,5,1,1812,0,38,0,56,0,0 // Monk
2129,16,0,4,8,1552,0,112,0,0,0,0 // Sage
2130,17,0,3,7,1240,2,67,0,52,0,0 // Rogue
2131,18,0,2,6,1365,0,38,0,0,256,0 // Alchemist
2132,21,0,19,3,1468,4,40,100,53,32,0 // Crusader (Peco)
2134,20,0,20,4,1963,0,126,0,0,0,0 // Dancer

2133,23,0,18,2,1218,1,38,0,0,0,0 // SNovice

// MobID,SpriteID,Sex,Hair,Hair_Color,Weapon,Shield,Head_Top,Head_Middle,Head_Bottom,Option,Dye_Color
2135,4001,0,17,1,1218,2102,169,125,56,0,8 // NH
2136,4002,0,16,8,1163,2,40,100,53,0,0 //SH
2137,4003,0,15,7,1473,0,130,0,0,0,0 //MH
2138,4004,0,14,6,1716,0,237,73,56,0,0 //AH
2139,4005,0,17,1,1553,2,219,73,56,0,5 //ACH
2140,4006,0,12,4,1363,2,38,0,0,40,0 //MCH
2141,4007,0,11,3,1222,2102,67,0,8,0,0 //TH

//2142,4008,0,10,2,1161,3,40,100,53,0,0 //LK
2143,4009,0,9,1,1552,2103,105,0,0,0,0 //HP
2144,4010,0,8,8,1473,0,36,0,0,0,0 //HW
2145,4011,0,7,7,1365,2,38,0,0,1024,0 //WS
// MobID,SpriteID,Sex,Hair,Hair_Color,Weapon,Shield,Head_Top,Head_Middle,Head_Bottom,Option,Dye_Color
2147,4013,0,5,5,1255,0,67,0,52,0,0 //ASC
2148,4015,0,4,4,1468,4,40,100,53,0,0 //PALADIN
2149,4016,0,3,3,1812,0,38,0,56,0,0 //CHAMPION
2150,4017,0,2,2,1552,0,112,0,0,0,0 //PROF
2151,4018,0,1,1,1240,2,67,0,52,0,0 //STALKER

2153,4046,0,17,5,0,0,0,38,0,0,0 //TK
2154,4047,0,16,4,1222,0,38,0,0,0,0 //SG
2155,4048,0,15,3,1222,0,38,0,0,0,0 //FSG
2156,4049,0,14,2,1222,0,38,0,0,0,0 //SLinker

//-=-=-=-CSS25 Custom Mob Avail Baby Class (MALE)-=-=-=-
2158,4023,1,20,8,1218,1,38,0,0,0,0 
2159,4024,1,19,7,1163,2,40,100,53,0,0 
2160,4025,1,18,6,1473,0,130,0,0,0,0 
2161,4026,1,17,5,1716,0,72,83,0,0,0 
2162,4027,1,16,4,1515,2102,11,0,0,0,0 
2163,4028,1,15,3,1363,2,38,0,0,40,0 
2164,4029,1,14,2,1222,2102,67,0,8,0,0 
2165,4030,1,13,1,1161,3,40,100,53,0,0 
2166,4031,1,12,8,1551,0,11,0,0,0,0
2167,4032,1,11,7,1473,0,36,0,0,0,0 
2168,4033,1,10,6,1365,2,38,0,0,512,0 
2169,4034,1,9,5,1718,0,72,83,0,16,0 
2170,4035,1,8,4,1255,0,67,0,52,0,0 
2171,4036,1,7,3,1161,3,40,100,53,32,0 
2172,4037,1,6,2,1468,4,40,100,53,0,0 
2173,4038,1,5,1,1812,0,38,0,0,0,0 
2174,4039,1,4,8,1552,0,112,0,0,0,0 
2175,4040,1,3,7,1240,0,67,0,52,0,0 
2176,4041,1,2,6,1365,0,38,0,0,256,0 
2177,4042,1,1,5,1913,0,38,0,0,0,0 
2178,4044,1,19,3,1468,3,40,100,53,32,0 
2179,4045,1,18,2,1218,1,38,0,0,0,0 
//-=-=-=-CSS25 Custom Mob Avail Baby Class (FEMALE)-=-=-=-
2180,4023,0,20,8,1218,2102,1,38,0,0,0,0 
2181,4024,0,19,7,1163,2,40,100,53,0,0 
2182,4025,0,18,6,1473,0,130,0,0,0,0  
2183,4026,0,17,5,1716,0,72,83,0,0,0 
2184,4027,0,16,4,1515,2102,64,0,0,0,0 
2185,4028,0,15,3,1363,2,38,0,0,40,0 
2186,4029,0,14,2,1222,2102,67,0,8,0,0 
2187,4030,0,13,1,1161,3,40,100,53,0,0  
2188,4031,0,12,8,1551,0,64,0,0,0,0 
2189,4032,0,11,7,1473,0,36,0,0,0,0 
2190,4033,0,10,6,1365,2,38,0,0,512,0 
2191,4034,0,9,5,1718,0,72,83,0,16,0  
2192,4035,0,8,4,1255,0,67,0,52,0,0 
2193,4036,0,7,3,1161,3,40,100,53,32,0 
2194,4037,0,6,2,1468,4,40,100,53,0,0 
2195,4038,0,5,1,1812,0,38,0,0,0,0 
2196,4039,0,4,8,1552,0,112,0,0,0,0 
2197,4040,0,3,7,1240,0,67,0,52,0,0 
2190,4041,0,2,6,1365,0,38,0,0,256,0 
2199,4043,0,20,4,1963,0,126,0,0,0,0 
2204,4044,0,19,3,1468,3,40,100,53,32,0 
2205,4045,0,18,2,1218,1,38,0,0,0,0 
//-=-=-CSS25 Groom And Bride Mob Avail-=-=-
2206,22,1,8,8,15,0,130,0,0,0,0
2207,22,0,8,8,15,0,44,0,0,0,0
//-=-=-Ninja And Gunslinger Class-=-=-
// MobID,SpriteID,Sex,Hair,Hair_Color,Weapon,Shield,Head_Top,Head_Middle,Head_Bottom,Option,Dye_Color
2209,25,0,7,8,13006,0,0,0,0,0,0 // Ninja [Female]
2296,25,1,7,8,13006,0,0,0,0,0,0 // Ninja [Male]
2295,24,1,7,8,13100,0,0,0,0,0,0 // Gunslinger [Male]
2208,24,0,7,8,13100,0,0,0,0,0,0 // Gunslinger [Female]