//
// Structure of Database :
//ID,Sprite_Name,kROName,iROName,LV,HP,SP,EXP,JEXP,Range1,ATK1,ATK2,DEF,MDEF,STR,AGI,VIT,INT,DEX,LUK,Range2,Range3,Scale,Race,Element,Mode,Speed,ADelay,aMotion,dMotion,MEXP,ExpPer,MVP1id,MVP1per,MVP2id,MVP2per,MVP3id,MVP3per,Drop1id,Drop1per,Drop2id,Drop2per,Drop3id,Drop3per,Drop4id,Drop4per,Drop5id,Drop5per,Drop6id,Drop6per,Drop7id,Drop7per,Drop8id,Drop8per,Drop9id,Drop9per,DropCardid,DropCardper

//arug_cas03
1324,TREASURE_BOX1,Treasure Chest,Treasure Chest,99,0,0,0,0,0,0,0,0,0,0,0,0,0,255,0,0,0,0,0,20,0x120,0,0,0,0,0,0,0,0,0,0,0,0,1368,40,5003,80,1164,40,2615,200,16711,80,5018,120,607,3900,12103,2900,985,1000,0,0
1945,TREASURE_BOX48,Treasure Chest,Treasure Chest,99,0,0,0,0,0,0,0,0,0,0,0,0,0,255,0,0,0,0,0,20,0x120,0,0,0,0,0,0,0,0,0,0,0,0,1552,120,5002,120,5016,80,5081,80,5170,200,607,2000,12103,3200,608,400,658,2000,0,0
//gefg_cas02
1336,TREASURE_BOX13,Treasure Chest,Treasure Chest,99,0,0,0,0,0,0,0,0,0,0,0,0,0,255,0,0,0,0,0,20,0x120,0,0,0,0,0,0,0,0,0,0,0,0,1368,40,5003,80,1164,40,2615,200,16711,80,5018,120,607,3900,12103,2900,985,1000,0,0
1337,TREASURE_BOX14,Treasure Chest,Treasure Chest,99,0,0,0,0,0,0,0,0,0,0,0,0,0,255,0,0,0,0,0,20,0x120,0,0,0,0,0,0,0,0,0,0,0,0,1552,120,5002,120,5016,80,5081,80,5170,200,607,2000,12103,3200,608,400,658,2000,0,0
//prtg_cas01
1354,TREASURE_BOX31,Treasure Chest,Treasure Chest,99,0,0,0,0,0,0,0,0,0,0,0,0,0,255,0,0,0,0,0,20,0x120,0,0,0,0,0,0,0,0,0,0,0,0,1368,40,5003,80,1164,40,2615,200,16711,80,5018,120,607,3900,12103,2900,985,1000,0,0
1355,TREASURE_BOX32,Treasure Chest,Treasure Chest,99,0,0,0,0,0,0,0,0,0,0,0,0,0,255,0,0,0,0,0,20,0x120,0,0,0,0,0,0,0,0,0,0,0,0,1552,120,5002,120,5016,80,5081,80,5170,200,607,2000,12103,3200,608,400,658,2000,0,0
//prtg_cas02
1356,TREASURE_BOX33,Treasure Chest,Treasure Chest,99,0,0,0,0,0,0,0,0,0,0,0,0,0,255,0,0,0,0,0,20,0x120,0,0,0,0,0,0,0,0,0,0,0,0,1368,40,5003,80,1164,40,2615,200,16711,80,5018,120,607,3900,12103,2900,985,1000,0,0
1357,TREASURE_BOX34,Treasure Chest,Treasure Chest,99,0,0,0,0,0,0,0,0,0,0,0,0,0,255,0,0,0,0,0,20,0x120,0,0,0,0,0,0,0,0,0,0,0,0,1552,120,5002,120,5016,80,5081,80,5170,200,607,2000,12103,3200,608,400,658,2000,0,0

//Custom:
2999,G_OSIRIS,Osiris,Osiris,78,50000,0,0,0,1,5,8000,20,50,1,100,50,150,300,60,10,10,1,1,89,1173,100,1072,672,384,7710,5000,603,4000,608,3000,751,500,617,2000,1232,150,2235,100,1255,600,1009,1000,5053,1,984,3783,0,0,0,0,4144,1

3001,G_DRAGON_FLY,Super ChonChon,Super ChonChon,8,2400,0,88,44,1,22,27,20,30,1,20,8,15,17,5,10,10,0,4,24,1173,100,1076,576,480,0,0,0,0,0,0,0,0,0,0,0,0,0,0,0,0,0,0,0,0,0,0,0,0,0,0,0,0
3002,G_VAGABOND_WOLF,Wolf,Wolf,24,12240,0,247,176,1,135,159,25,35,1,45,48,20,50,65,10,10,1,2,22,1173,150,1048,648,432,0,0,0,0,0,0,0,0,0,0,0,0,0,0,0,0,0,0,0,0,0,0,0,0,0,0,0,0
3003,G_TOAD,Big Thara,Big Thara,10,5065,0,100,50,1,26,32,0,25,1,5,10,10,10,25,10,10,1,5,21,1173,200,1236,336,432,0,0,0,0,0,0,0,0,0,0,0,0,0,0,0,0,0,0,0,0,0,0,0,0,0,0,0,0
3004,G_WILD_ROSE1,Wild Rose,Wild Rose,38,1,0,111,68,1,1,2,1,2,1,2,3,4,5,6,10,12,0,2,24,131,100,964,864,288,0,0,0,0,0,0,0,0,0,0,0,0,0,0,0,0,0,0,0,0,0,0,0,0,0,0,0,0
3005,G_WILD_ROSE2,Wild Roses,Wild Roses,38,1,0,111,68,1,1,2,1,2,1,2,3,4,5,6,10,12,0,2,24,131,100,964,864,288,1,100,7539,10000,0,0,0,0,0,0,0,0,0,0,0,0,0,0,0,0,0,0,0,0,0,0,0,0

//====================================
//-=-=-CSS25 Custom Monster(MALE)-=-=-
//====================================
3068,NOVICE,Aprendiz,Aprendiz,80,5000,0,2000,1500,1,500,750,30,35,1,90,90,35,125,65,10,10,1,7,80,149,100,600,500,288,0,0,0,0,0,0,0,0,0,0,0,0,0,0,0,0,0,0,0,0,0,0,0,0,7005,500,16100,1

3069,SWORDMAN,Espadachim,Espadachim,80,25000,0,4000,3000,2,1000,1500,60,70,1,90,120,35,150,65,10,10,1,7,80,149,100,600,500,288,0,0,0,0,0,0,0,0,0,0,0,0,0,0,0,0,0,0,0,0,0,0,0,0,7005,500,16101,1
3070,MAGICIAN,Mago,Mago,80,15000,0,4000,3000,6,1000,1500,60,70,1,35,90,150,90,65,10,10,1,7,80,149,100,1000,500,288,0,0,0,0,0,0,0,0,0,0,0,0,0,0,0,0,0,0,0,0,0,0,0,0,7005,500,16102,1
3071,ARCHER,Arqueiro,Arqueiro,80,15000,0,4000,3000,9,1000,1500,60,70,1,120,35,35,200,65,10,10,1,7,80,149,100,550,500,288,0,0,0,0,0,0,0,0,0,0,0,0,0,0,0,0,0,0,0,0,0,0,0,0,7005,500,16104,1
3072,ACOLYTE,Noviço,Noviço,80,20000,0,4000,3000,1,1000,1500,60,70,1,35,150,150,150,65,10,10,1,7,80,149,100,800,500,288,0,0,0,0,0,0,0,0,0,0,0,0,0,0,0,0,0,0,0,0,0,0,0,0,7005,500,16106,1
3073,MERCHANT,Mercador,Mercador,80,20000,0,4000,3000,1,1000,1500,60,75,1,90,90,35,150,65,10,10,1,7,80,149,100,480,500,288,0,0,0,0,0,0,0,0,0,0,0,0,0,0,0,0,0,0,0,0,0,0,0,0,7005,500,16105,1
3074,THIEF,Gatuno,Gatuno,80,20000,0,4000,3000,1,1000,1500,60,70,1,150,70,35,150,65,10,10,1,7,80,149,100,480,500,288,0,0,0,0,0,0,0,0,0,0,0,0,0,0,0,0,0,0,0,0,0,0,0,0,7005,500,16103,1

3075,KNIGHT,Knight,Cavaleiro,90,75000,0,12000,9000,1,2000,2500,60,70,1,200,90,35,200,65,10,10,1,7,80,149,100,300,300,288,0,0,0,0,0,0,0,0,0,0,0,0,0,0,0,0,0,0,0,0,0,0,0,0,7005,500,16107,1
3076,PRIEST,Priest,Sacerdote,90,60000,10,12000,9000,1,2000,2500,70,80,1,1,100,300,200,65,10,10,1,7,86,149,100,700,672,672,0,0,0,0,0,0,0,0,0,0,0,0,0,0,0,0,0,0,0,0,0,0,0,0,7005,500,16118,1
3077,WIZARD,Wizard,Bruxo,90,40000,0,12000,9000,6,2000,2500,60,70,1,35,35,200,150,65,10,12,2,7,89,149,100,700,768,580,0,0,0,0,0,0,0,0,0,0,0,0,0,0,0,0,0,0,0,0,0,0,0,0,7005,500,16113,1
3078,BLACKSMITH,Blacksmith,Ferreiro,90,60000,0,12000,9000,1,2000,2500,60,70,1,150,170,35,200,65,10,12,2,7,87,149,100,450,580,1000,0,0,0,0,0,0,0,0,0,0,0,0,0,0,0,0,0,0,0,0,0,0,0,0,7005,500,16116,1
3079,HUNTER,Hunter,Caçador,90,50000,0,12000,9000,9,2000,2500,60,35,1,200,90,90,500,65,10,12,1,7,80,149,100,500,480,576,0,0,0,0,0,0,0,0,0,0,0,0,0,0,0,0,0,0,0,0,0,0,0,0,7005,500,16111,1
3080,ASSASSIN,Assassin,Mercenário,90,60000,0,12000,9000,1,2000,2500,60,40,1,300,35,35,150,200,10,12,1,7,85,149,100,400,1956,500,0,0,0,0,0,0,0,0,0,0,0,0,0,0,0,0,0,0,0,0,0,0,0,0,7005,500,16109,1
3081,KNIGHT_PECO,Knight Peco,Cavaleiro Montado,90,75000,0,12000,9000,1,2000,2500,80,70,1,120,200,35,150,65,10,10,1,7,80,149,70,500,500,288,0,0,0,0,0,0,0,0,0,0,0,0,0,0,0,0,0,0,0,0,0,0,0,0,7005,500,16107,1

3082,CRUSADER,Crusader,Templário,90,75000,0,12000,9000,1,2000,2500,80,50,1,90,200,35,200,65,10,10,1,7,80,149,100,400,500,288,0,0,0,0,0,0,0,0,0,0,0,0,0,0,0,0,0,0,0,0,0,0,0,0,7005,500,16108,1
3083,MONK,Monk,Monge,90,50000,2000,12000,9000,1,2000,2500,60,70,1,90,120,35,200,65,10,10,1,7,80,149,100,600,500,288,0,0,0,0,0,0,0,0,0,0,0,0,0,0,0,0,0,0,0,0,0,0,7005,500,1810,5,16119,1
3084,SAGE,Sage,Sábio,90,50000,100,12000,9000,6,2000,2500,30,100,1,120,90,200,200,60,10,12,2,7,89,149,100,700,768,500,0,0,0,0,0,0,0,0,0,0,0,0,0,0,0,0,0,0,0,0,0,0,0,0,7005,500,16114,1
3085,ROUGE,Rouge,Arruaceiro,90,50000,0,12000,9000,1,2000,2500,40,70,1,250,90,35,200,65,10,10,1,7,80,149,100,300,500,288,0,0,0,0,0,0,0,0,0,0,0,0,0,0,0,0,0,0,0,0,0,0,0,0,7005,500,16110,1
3086,ALCHEMIST,Alchemist,Alquimista,90,50000,0,12000,9000,1,2000,2500,60,70,1,90,150,25,200,50,10,12,2,7,87,149,100,500,768,280,0,0,0,0,0,0,0,0,0,0,0,0,0,0,0,0,0,0,0,0,0,0,0,0,7005,500,16117,1
3087,BARD,Bard,Bardo,90,50000,0,12000,9000,9,2000,2500,60,70,1,90,150,400,350,5,10,12,1,7,80,149,100,550,480,576,0,0,0,0,0,0,0,0,0,0,0,0,0,0,0,0,0,0,0,0,0,0,0,0,7005,500,16112,1
3088,CRUSADER_PECO,Crusader Peco,Templário Montado,90,50000,0,12000,9000,1,2000,2500,60,70,1,90,150,200,200,65,10,10,1,7,80,149,70,800,500,288,0,0,0,0,0,0,0,0,0,0,0,0,0,0,0,0,0,0,0,0,0,0,0,0,7005,500,16108,1

3089,SUPER_NOVICE,Spok,Super Aprendiz,98,6442000,0,300000,250000,2,10000,14000,85,90,1,120,47,175,800,465,12,14,1,7,62,1205,90,250,250,250,2860,2000,16510,10,0,0,0,0,5055,400,5119,400,5112,100,2628,200,2512,200,2416,200,2340,200,569,750,7005,500,16137,1

//2090,NOVICE_HIGH,Aprendiz T,Novice High,85,100000,0,6000,4500,1,1500,2000,60,70,1,100,100,35,200,65,10,10,1,7,80,149,100,700,500,288,0,0,0,0,0,0,0,0,0,0,0,0,0,0,0,0,0,0,0,0,0,0,0,0,7005,500,16100,1
3091,SWORDMAN_HIGH,Espadachim T,Swordman High,85,120000,0,6000,4500,1,2500,3000,80,80,1,110,150,35,200,65,10,12,1,7,80,149,100,500,500,288,0,0,0,0,0,0,0,0,0,0,0,0,0,0,0,0,0,0,0,0,0,0,0,0,7005,500,16101,1
3092,MAGICIAN_HIGH,Gui,Magician High,85,100000,0,6000,4500,9,3500,5000,40,90,1,10,100,175,400,5,10,12,1,7,80,149,100,800,480,376,0,0,0,0,0,0,0,0,0,0,0,0,0,0,0,0,0,0,0,0,0,0,0,0,7005,500,16102,1
3093,ARCHER_HIGH,Duttz,Arqueiro T,85,100000,0,6000,4500,9,1500,2000,60,50,1,150,30,120,550,50,10,12,1,7,80,149,100,450,480,376,0,0,0,0,0,0,0,0,0,0,0,0,0,0,0,0,0,0,0,0,0,0,0,0,7005,500,16104,1
3094,ACOLYTE_HIGH,Muurer,Acolyte High,85,100000,0,6000,4500,9,2000,4000,60,80,1,50,300,250,500,5,10,12,1,7,80,149,100,800,480,376,0,0,0,0,0,0,0,0,0,0,0,0,0,0,0,0,0,0,0,0,0,0,0,0,7005,500,16106,1
3095,MERCHANT_HIGH,Mercador T,Merchant High,85,100000,0,6000,4500,1,1500,2000,80,70,1,120,150,25,230,50,10,12,2,7,87,149,100,550,500,300,0,0,0,0,0,0,0,0,0,0,0,0,0,0,0,0,0,0,0,0,0,0,0,0,7005,500,16105,1
3096,THIEF_HIGH,Gatuno T,Thief High,85,100000,0,6000,4500,1,3500,5000,60,60,1,200,50,35,430,65,10,10,1,7,80,149,100,400,500,288,0,0,0,0,0,0,0,0,0,0,0,0,0,0,0,0,0,0,0,0,0,0,0,0,7005,500,16103,1

3097,LORD_KNIGHT,Turok,Lorde,100,8442000,0,300000,250000,1,9000,17000,64,72,1,112,117,25,956,187,10,12,2,0,20,1205,60,300,300,300,3410,1800,16507,12,0,0,0,0,504,520,608,200,2229,100,2228,200,2413,200,2623,40,1415,50,9933,1,7005,500,16120,1
3098,HIGH_PRIEST,Bola,Sumo-Sacerdote,100,7653000,0,300000,250000,4,10000,15000,30,40,1,2,54,500,999,400,10,12,1,8,66,1205,90,500,480,300,3210,2000,16506,13,0,0,0,0,518,500,523,200,523,200,604,60,607,40,9924,30,5057,100,0,0,7005,500,16131,1
3099,HIGH_WIZARD,Dr.Pimpolho,Arquimago,100,6546000,0,300000,250000,9,5000,12000,30,90,1,2,21,200,500,6,10,12,1,7,80,1205,90,800,880,576,1600,14,16606,21,0,0,0,0,2235,40,2234,40,1616,20,1615,80,1614,60,2630,4,683,150,683,200,7005,500,16127,1
3100,WHITESMITH,Elfo,Mestre Ferreiro,100,7999999,0,300000,250000,1,10000,15000,70,60,1,100,150,135,700,100,10,12,2,2,48,1205,90,350,480,400,2000,10,16601,12,0,0,0,0,1367,100,12220,500,1368,50,2318,70,5179,25,5017,2500,5325,25,0,0,7005,500,16129,1
3101,SNIPER,Baltazar,Atirador de Elite,100,9321000,0,300000,250000,9,20000,20000,73,51,1,50,38,200,999,400,10,12,1,6,68,1205,80,200,480,300,3920,30000,16509,7,0,0,0,0,0,0,12014,30,16603,60,12103,20,518,500,607,50,1722,150,9933,1,7005,500,16124,1
3102,ASSASSIN_CROSS,Meteoro,Algoz,100,4500000,0,300000,250000,1,4000,4000,60,70,1,300,57,235,750,599,10,12,1,2,85,1205,90,80,80,100,2400,100,16503,15,0,0,0,0,12108,250,12060,200,5143,180,12112,100,12113,120,5003,60,1266,200,1264,100,7005,500,16122,1

3103,PALADIN,Yuri,Paladino,100,9442000,0,300000,250000,1,5000,7000,80,80,1,2,60,200,750,3,10,10,1,8,84,1205,60,500,500,500,2300,100,16602,19,0,0,0,0,605,200,607,74,608,125,2411,200,2412,42,2413,150,2341,100,2342,34,7005,500,16121,1
3105,PROFESSOR,Brunim,Professor,100,8312000,100,300000,250000,2,6000,14000,40,100,1,3,45,200,600,15,10,12,1,0,89,1205,90,500,500,500,1999,97,16605,22,0,0,0,0,0,0,0,0,0,0,617,300,12103,300,1560,200,12040,200,7523,300,7005,500,16128,1
3104,CHAMPION,Gleen,Mestre,100,5500000,1300,300000,250000,1,5000,7000,60,80,1,120,200,250,750,65,10,10,1,7,28,1205,90,300,300,300,2600,100,16504,9,0,0,0,0,1814,160,1531,140,1530,4,2251,400,2508,300,0,0,9928,95,9928,75,7005,500,16132,1
3106,STALKER,T.Roz,Desordeiro,100,6853000,0,300000,250000,1,8000,18000,80,60,1,300,53,185,950,1,10,12,1,9,21,1205,80,150,500,500,5000,20,16502,13,0,0,0,0,1238,70,1237,80,2337,100,2274,90,2263,100,706,100,682,110,9926,100,7005,500,16123,1
3107,CREATOR,Hermes,Criador,100,7752000,0,300000,250000,1,8000,12000,70,70,1,50,200,205,750,50,10,12,2,3,83,1205,90,300,300,400,5000,20,16508,11,0,0,0,0,7135,200,7136,200,7139,500,616,400,1307,200,1369,60,1136,150,1235,100,7005,500,16130,1
3108,CLOWN,Sola,Menestrel,100,5932000,0,300000,250000,9,7800,10600,65,40,1,200,57,200,990,5,10,12,1,6,61,1205,90,250,250,250,2500,100,16604,18,0,0,0,0,617,300,610,700,12015,400,12015,400,2319,140,1913,180,7005,500,16763,200,0,0,16125,1
3157,GYPSY,Yuufa,Cigana,100,5494000,0,300000,250000,9,6400,10400,60,35,1,190,55,155,990,5,10,12,1,5,82,1205,95,280,280,280,3500,15,16505,17,0,0,0,0,1963,159,505,300,5032,80,2421,40,12109,80,12103,15,604,100,7005,500,16768,300,16126,1

3109,TAEKWON,Taekwon,Taekwon,85,30000,0,51480,10725,1,1340,1590,60,35,1,90,90,35,125,65,10,10,1,7,80,181,100,580,500,288,0,0,0,0,0,0,0,0,0,0,0,0,0,0,0,0,0,0,0,0,0,0,9932,300,7005,500,16134,1
3110,STAR_GLADIATOR,Gladiador Estelar,Gladiador Estelar,98,30000,0,51480,10725,1,1340,1590,60,35,1,90,90,35,125,65,10,10,1,7,80,181,100,580,500,288,0,0,0,0,0,0,0,0,0,0,0,0,0,0,0,0,0,0,0,0,0,0,0,0,7005,500,16135,1
3111,FLYING_STAR_GLADIATOR,Gladiador Estelar,Gladiador Estelar,98,30000,0,51480,10725,1,1340,1590,60,35,1,90,90,35,125,65,10,10,1,7,80,181,100,580,500,288,0,0,0,0,0,0,0,0,0,0,0,0,0,0,0,0,0,0,0,0,0,0,0,0,7005,500,16135,1
3112,SOUL_LINKER,Espiritualista,Espiritualista,98,30000,0,51480,10725,1,1340,1590,60,35,1,90,90,35,125,65,10,10,1,7,80,181,100,580,500,288,0,0,0,0,0,0,0,0,0,0,0,0,0,0,0,0,0,0,0,0,0,0,0,0,7005,500,16136,1

//======================================
//-=-=-CSS25 Custom Monster(FEMALE)-=-=-
//======================================
3113,FEMALE_NOVICE,Garota Aprendiz,Female Novice,80,5000,0,2000,1500,1,500,750,30,35,1,90,90,35,125,65,10,10,1,7,80,149,100,600,500,288,0,0,0,0,0,0,0,0,0,0,0,0,0,0,0,0,0,0,0,0,0,0,0,0,7005,500,16100,1

3114,FEMALE_SWORDMAN,Garota Espadachim,Female Swordman,80,25000,0,4000,3000,1,1000,1500,60,70,1,90,120,35,150,65,10,10,1,7,80,149,100,600,500,288,0,0,0,0,0,0,0,0,0,0,0,0,0,0,0,0,0,0,0,0,0,0,0,0,7005,500,16101,1
3115,FEMALE_MAGICIAN,Maga,Female Magician,80,15000,8,4000,3000,1,1000,1500,60,70,1,35,90,150,90,65,10,10,1,7,80,149,100,1000,500,288,0,0,0,0,0,0,0,0,0,0,0,0,0,0,0,0,0,0,0,0,0,0,0,0,7005,500,16102,1
3116,ARCHERESS,Arqueira,Archeress,80,15000,0,4000,3000,12,1000,1500,60,70,1,120,35,35,200,65,10,10,1,7,80,149,100,550,500,288,0,0,0,0,0,0,0,0,0,0,0,0,0,0,0,0,0,0,0,0,0,0,0,0,7005,500,16104,1
3117,FEMALE_ACOLYTE,Noviça,Female Acolyte,80,20000,0,4000,3000,1,1000,1500,60,70,1,35,150,150,150,65,10,10,1,7,80,149,100,800,500,288,0,0,0,0,0,0,0,0,0,0,0,0,0,0,0,0,0,0,0,0,0,0,0,0,7005,500,16106,1
3118,FEMALE_MERCHANT,Mercadora,Female Merchant,80,20000,0,4000,3000,1,1000,1500,60,75,1,90,90,35,150,65,10,10,1,7,80,149,100,480,500,288,0,0,0,0,0,0,0,0,0,0,0,0,0,0,0,0,0,0,0,0,0,0,0,0,7005,500,16105,1
3119,FEMALE_THIEF,Gatuna,Female Thief,80,20000,0,4000,3000,1,1000,1500,60,70,1,150,70,35,150,65,10,10,1,7,80,149,100,480,500,288,0,0,0,0,0,0,0,0,0,0,0,0,0,0,0,0,0,0,0,0,0,0,0,0,7005,500,16103,1

3120,FEMALE_KNIGHT,Cavaleira,Female Knight,90,75000,0,12000,9000,1,2000,2500,60,70,1,200,90,35,200,65,10,10,1,7,80,149,100,300,300,288,0,0,0,0,0,0,0,0,0,0,0,0,0,0,0,0,0,0,0,0,0,0,0,0,7005,500,16107,1
3121,PRIESTESS,Sumo-Sacerdotiza,Priestress,90,60000,10,12000,9000,1,2000,2500,70,80,1,1,100,300,200,65,10,10,1,7,86,149,100,700,672,672,0,0,0,0,0,0,0,0,0,0,0,0,0,0,0,0,0,0,0,0,0,0,0,0,7005,500,16118,1
3122,FEMALE_WIZARD,Bruxa,Female Wizard,90,40000,0,12000,9000,6,2000,2500,60,70,1,35,35,200,150,65,10,12,2,7,89,149,100,700,768,580,0,0,0,0,0,0,0,0,0,0,0,0,0,0,0,0,0,0,0,0,0,0,0,0,7005,500,16113,1
3123,FEMALE_BLACKSMITH,Ferreira,Female Blacksmith,90,60000,0,12000,9000,1,2000,2500,60,70,1,150,170,35,200,65,10,12,2,7,87,149,100,450,580,1000,0,0,0,0,0,0,0,0,0,0,0,0,0,0,0,0,0,0,0,0,0,0,0,0,7005,500,16116,1
3124,HUNTERESS,Caçadora,Huntress,90,50000,0,12000,9000,9,2000,2500,60,35,1,200,90,90,500,65,10,12,1,7,80,149,100,500,480,576,0,0,0,0,0,0,0,0,0,0,0,0,0,0,0,0,0,0,0,0,0,0,0,0,7005,500,16111,1
3125,FEMALE_ASSASSIN,Assassina,Female Assassin,90,60000,0,12000,9000,1,2000,2500,60,40,1,300,35,35,150,200,10,12,1,7,85,149,100,400,1956,500,0,0,0,0,0,0,0,0,0,0,0,0,0,0,0,0,0,0,0,0,0,0,0,0,7005,500,16109,1
3126,FEMALE_KNIGHT_PECO,Cavaleira Montada,Female Knight,90,75000,0,12000,9000,1,2000,2500,80,70,1,120,200,35,150,65,10,10,1,7,80,149,70,500,500,288,0,0,0,0,0,0,0,0,0,0,0,0,0,0,0,0,0,0,0,0,0,0,0,0,7005,500,16107,1

3127,FEMALE_CRUSADER,Templária,Female Crusader,90,75000,0,12000,9000,1,2000,2500,60,70,1,90,200,35,200,65,10,10,1,7,80,149,100,400,500,288,0,0,0,0,0,0,0,0,0,0,0,0,0,0,0,0,0,0,0,0,0,0,0,0,7005,500,16108,1
3128,FEMALE_MONK,Monja,Female Monk,90,50000,0,12000,9000,1,2000,2500,60,70,1,90,120,35,200,65,10,10,1,7,80,149,100,600,500,288,0,0,0,0,0,0,0,0,0,0,0,0,0,0,0,0,0,0,0,0,0,0,7005,500,1810,5,16119,1
3129,FEMALE_SAGE,Sábia,Female Sage,90,50000,0,12000,9000,6,2000,2500,30,70,1,120,90,200,200,60,10,12,2,7,89,149,100,700,768,500,0,0,0,0,0,0,0,0,0,0,0,0,0,0,0,0,0,0,0,0,0,0,0,0,7005,500,16114,1
3130,FEMALE_ROUGE,Arruaceira,Female Rouge,90,50000,0,12000,9000,1,2000,2500,40,70,1,250,90,35,200,65,10,10,1,7,80,149,100,300,500,288,0,0,0,0,0,0,0,0,0,0,0,0,0,0,0,0,0,0,0,0,0,0,0,0,7005,500,16110,1
3131,FEMALE_ALCHEMIST,Garota Alquimista,Female Alchemist,90,50000,0,12000,9000,1,2000,2500,60,70,1,90,150,25,200,50,10,12,2,7,87,149,100,500,768,1000,0,0,0,0,0,0,0,0,0,0,0,0,0,0,0,0,0,0,0,0,0,0,0,0,7005,500,16117,1
3132,FEMALE_CRUSADER_PECO,Templária Montada,Female Crusader Peco,90,50000,0,12000,9000,1,2000,2500,60,70,1,90,150,200,200,65,10,10,1,7,80,149,70,800,500,288,0,0,0,0,0,0,0,0,0,0,0,0,0,0,0,0,0,0,0,0,0,0,0,0,7005,500,16108,1
3134,DANCER,Odalisca,Dancer,90,50000,0,12000,9000,9,2000,2500,60,70,1,90,150,400,350,5,10,12,1,7,80,149,100,550,480,576,0,0,0,0,0,0,0,0,0,0,0,0,0,0,0,0,0,0,0,0,0,0,7005,500,1960,2,16115,1

3133,FEMALE_SUPER_NOVICE,Garota Super Aprendiz,Female Super Novice,90,10000,0,4000,3000,9,1500,2000,60,70,1,120,120,200,200,65,10,12,1,7,80,149,100,500,480,576,0,0,0,0,0,0,0,0,0,0,0,0,0,0,0,0,0,0,0,0,0,0,0,0,7005,500,16133,1

3135,FEMALE_NOVICE_HIGH,Garota Aprendiz T,Garota Aprendiz T,85,100000,0,6000,4500,9,2000,3000,60,70,1,50,300,200,500,5,10,10,1,7,80,181,100,600,600,600,0,0,0,0,0,0,0,0,0,0,0,0,0,0,0,0,0,0,0,0,0,0,0,0,7005,500,16100,1
3136,FEMALE_SWORDMAN_HIGH,Garota Espadachim T,Female Swordman High,85,120000,0,6000,4500,1,2500,3000,80,80,1,110,150,35,200,65,10,12,1,7,80,149,100,500,500,288,0,0,0,0,0,0,0,0,0,0,0,0,0,0,0,0,0,0,0,0,0,0,0,0,7005,500,16101,1
//3137,FEMALE_MAGICIAN_HIGH,Maga T,Female Magician High,85,25000,0,6000,4500,9,1500,2000,40,90,1,10,100,175,200,5,10,12,1,7,80,181,100,800,480,376,0,0,0,0,0,0,0,0,0,0,0,0,0,0,0,0,0,0,0,0,0,0,0,0,7005,500,16102,1
3138,ARCHERESS_HIGH,Arqueira T,Archeress High,85,100000,0,6000,4500,9,1500,2000,60,50,1,150,30,120,550,50,10,12,1,7,80,149,100,450,480,376,0,0,0,0,0,0,0,0,0,0,0,0,0,0,0,0,0,0,0,0,0,0,0,0,7005,500,16104,1
3139,FEMALE_ACOLYTE_HIGH,Garota Noviça T,Garota Noviça T,85,100000,0,6000,4500,9,2000,4000,60,80,1,50,300,200,500,5,10,12,1,7,80,181,100,800,480,376,0,0,0,0,0,0,0,0,0,0,0,0,0,0,0,0,0,0,0,0,0,0,0,0,7005,500,16106,1
3140,FEMALE_MERCHANT_HIGH,Mercadora T,Female Merchant High,85,36000,0,6000,4500,1,1500,2000,80,70,1,120,150,25,230,50,10,12,2,7,87,181,100,550,500,300,0,0,0,0,0,0,0,0,0,0,0,0,0,0,0,0,0,0,0,0,0,0,0,0,7005,500,16105,1
//3141,FEMALE_THIEF_HIGH,Gatuna T,Female Thief High,85,25000,0,6000,4500,1,1500,2000,60,60,1,200,50,35,230,65,10,10,1,7,80,181,100,400,500,288,0,0,0,0,0,0,0,0,0,0,0,0,0,0,0,0,0,0,0,0,0,0,0,0,7005,500,16103,1

3142,FEMALE_LORD_KNIGHT,Chii,Cavaleira Lorde,100,8442000,0,3258000,4316000,1,9000,17000,64,72,1,112,97,25,956,187,10,12,2,0,20,1205,60,300,500,300,3410,1800,16507,12,0,0,0,0,504,520,608,200,2229,100,2228,200,2413,200,2623,40,1415,50,9933,1,7005,500,16120,1
3143,HIGH_PRIESTESS,Sumo-Sacerdotiza,Sumo-Sacerdotiza,99,36140,0,8469,6268,1,1600,2150,55,50,1,68,64,25,135,50,10,12,2,7,87,181,100,580,580,1000,0,0,0,0,0,0,0,0,0,0,0,0,0,0,0,0,0,0,0,0,0,0,0,0,7005,500,0,0
3144,FEMALE_HIGH_WIZARD,Arquimaga,Arquimaga,99,360000,0,65780,45045,2,2800,3320,30,70,1,120,64,118,99,60,10,12,2,7,89,181,100,868,768,480,0,0,0,0,0,0,0,0,0,0,0,0,0,0,0,0,0,0,0,0,0,0,0,0,7005,500,16127,1
//3145,FEMALE_WHITESMITH,Female Whitesmith,Mestre Ferreira,99,36540,0,8469,6268,1,1600,2150,55,50,1,68,64,25,135,50,10,12,2,7,87,181,100,410,580,1000,0,0,0,0,0,0,0,0,0,0,0,0,0,0,0,0,0,0,0,0,0,0,0,0,7005,500,16129,1
3146,SNIPER,Krool,Atiradora de Elite,100,9321000,0,300000,250000,9,20000,20000,73,51,1,50,15,200,999,400,10,12,1,6,68,1205,80,200,480,300,3920,30000,16509,7,0,0,0,0,0,0,12014,30,16603,60,12103,20,518,500,607,50,1722,150,9933,1,7005,500,16124,1
//3147,FEMALE_ASSASSIN_CROSS,Female Assassin Cross,Garota Algoz,99,355250,0,51480,10725,1,2020,2320,60,35,1,138,90,35,125,65,10,12,1,7,85,181,100,580,1956,480,0,0,0,0,0,0,0,0,0,0,0,0,0,0,0,0,0,0,0,0,0,0,0,0,7005,500,0,0

//3148,FEMALE_PALADIN,Female Paladin,Female Paladin,99,249000,0,51480,10725,1,1340,1590,60,35,1,90,90,35,125,65,10,10,1,7,80,181,100,580,500,288,0,0,0,0,0,0,0,0,0,0,0,0,0,0,0,0,0,0,0,0,0,0,0,0,7005,500,16121,1
//3149,FEMALE_CHAMPION,Female Champion,Female Champion,99,349000,0,51480,10725,1,1340,1590,60,35,1,90,90,35,125,65,10,10,1,7,80,181,100,580,500,288,0,0,0,0,0,0,0,0,0,0,0,0,0,0,0,0,0,0,0,0,0,0,0,0,7005,500,16132,1
//3150,FEMALE_PROFESSOR,Female Professor,Female Professor,99,360000,0,65780,45045,2,2800,3320,30,70,1,120,64,118,99,60,10,12,2,7,89,181,100,868,768,480,0,0,0,0,0,0,0,0,0,0,0,0,0,0,0,0,0,0,0,0,0,0,0,0,7005,500,16128,1
//3151,FEMALE_STALKER,Female Stalker,Female Stalker,99,249000,0,51480,10725,1,1340,1590,60,35,1,90,90,35,125,65,10,10,1,7,80,181,100,580,500,288,0,0,0,0,0,0,0,0,0,0,0,0,0,0,0,0,0,0,0,0,0,0,0,0,7005,500,0,0
3152,FEMALE_CREATOR,Dimasi,Criadora,100,7052000,0,300000,250000,1,8000,12000,70,70,1,50,100,205,750,50,10,12,2,3,83,1205,90,300,580,400,5000,20,16508,11,0,0,0,0,7135,200,7136,200,7139,500,616,400,1307,200,1369,60,1136,150,1235,100,7005,500,16130,1

3153,FEMALE_TAEKWON,Garota Taekwon,Garota Taekwon,99,249000,0,51480,10725,1,1340,1590,60,35,1,90,90,35,125,65,10,10,1,7,80,181,100,580,500,288,0,0,0,0,0,0,0,0,0,0,0,0,0,0,0,0,0,0,0,0,0,0,0,0,7005,500,16134,1
3154,FEMALE_STAR_GLADIATOR,Gladiadora Estelar,Gladiadora Estelar,99,249000,0,51480,10725,1,1340,1590,60,35,1,90,90,35,125,65,10,10,1,7,80,181,100,580,500,288,0,0,0,0,0,0,0,0,0,0,0,0,0,0,0,0,0,0,0,0,0,0,0,0,7005,500,16135,1
3155,FEMALE_FLYING_STAR_GLADIATOR,Gladiadora Estelar,Gladiadora Estelar,99,249000,0,51480,10725,1,1340,1590,60,35,1,90,90,35,125,65,10,10,1,7,80,181,100,580,500,288,0,0,0,0,0,0,0,0,0,0,0,0,0,0,0,0,0,0,0,0,0,0,0,0,7005,500,16135,1
3156,FEMALE_SOUL_LINKER,Espiritualista,Espiritualista,99,249000,0,51480,10725,1,1340,1590,60,35,1,90,90,35,125,65,10,10,1,7,80,181,100,580,500,288,0,0,0,0,0,0,0,0,0,0,0,0,0,0,0,0,0,0,0,0,0,0,0,0,7005,500,16136,1

////==========================================
////-=-=CSS25 Custom Mob Baby Class (Male)=-=-
////==========================================
//3158,BABY_NOVICE,Baby Novice,Baby Novice,80,249000,0,51480,10725,1,1340,1590,60,35,1,90,90,35,125,65,10,10,1,7,80,181,100,580,500,288,0,0,0,0,0,0,0,0,0,0,0,0,0,0,0,0,0,0,0,0,0,0,0,0,0,0,0,0
//3159,BABY_SWORDMAN,Baby Swordman,Baby Swordman,80,249000,0,51480,10725,1,1340,1590,60,35,1,90,90,35,125,65,10,10,1,7,80,181,100,580,500,288,0,0,0,0,0,0,0,0,0,0,0,0,0,0,0,0,0,0,0,0,0,0,0,0,0,0,0,0
//3160,BABY_MAGICIAN,Baby Magician,Baby Magician,80,360000,0,65780,45045,2,2800,3320,30,70,1,120,64,118,99,60,10,12,2,7,89,181,100,868,768,480,0,0,0,0,0,0,0,0,0,0,0,0,0,0,0,0,0,0,0,0,0,0,0,0,0,0,0,0
//3161,BABY_ARCHER,Baby Archer,Baby Archer,80,360000,0,65780,45045,2,2800,3320,30,70,1,120,64,118,99,60,10,12,2,7,89,181,100,868,768,480,0,0,0,0,0,0,0,0,0,0,0,0,0,0,0,0,0,0,0,0,0,0,0,0,0,0,0,0
//3162,BABY_ACOLYTE,Baby Acolyte,Baby Acolyte,80,360000,0,65780,45045,2,2800,3320,30,70,1,120,64,118,99,60,10,12,2,7,89,181,100,868,768,480,0,0,0,0,0,0,0,0,0,0,0,0,0,0,0,0,0,0,0,0,0,0,0,0,0,0,0,0
//3163,BABY_MERCHANT,Baby Merchant,Baby Merchant,80,249000,0,51480,10725,1,1340,1590,60,35,1,90,90,35,125,65,10,10,1,7,80,181,100,580,500,288,0,0,0,0,0,0,0,0,0,0,0,0,0,0,0,0,0,0,0,0,0,0,0,0,0,0,0,0
//3164,BABY_THIEF,Baby Thief,Baby Thief,80,249000,0,51480,10725,1,1340,1590,60,35,1,90,90,35,125,65,10,10,1,7,80,181,100,580,500,288,0,0,0,0,0,0,0,0,0,0,0,0,0,0,0,0,0,0,0,0,0,0,0,0,0,0,0,0
//
//3165,BABY_KNIGHT,Baby Knight,Baby Knight,90,360000,0,65780,45045,2,2800,3320,30,70,1,120,64,118,99,60,10,12,2,7,89,181,100,868,768,480,0,0,0,0,0,0,0,0,0,0,0,0,0,0,0,0,0,0,0,0,0,0,0,0,0,0,0,0
//3166,BABY_PRIEST,Baby Priest,Baby Priest,90,249000,0,51480,10725,1,1340,1590,60,35,1,90,90,35,125,65,10,10,1,7,80,181,100,580,500,288,0,0,0,0,0,0,0,0,0,0,0,0,0,0,0,0,0,0,0,0,0,0,0,0,0,0,0,0
//3167,BABY_WIZARD,Baby Wizard,Baby Wizard,90,249000,0,51480,10725,1,1340,1590,60,35,1,90,90,35,125,65,10,10,1,7,80,181,100,580,500,288,0,0,0,0,0,0,0,0,0,0,0,0,0,0,0,0,0,0,0,0,0,0,0,0,0,0,0,0
//3168,BABY_BLACKSMITH,Baby Blacksmith,Baby Blacksmith,90,249000,0,51480,10725,1,1340,1590,60,35,1,90,90,35,125,65,10,10,1,7,80,181,100,580,500,288,0,0,0,0,0,0,0,0,0,0,0,0,0,0,0,0,0,0,0,0,0,0,0,0,0,0,0,0
//3169,BABY_HUNTER,Baby Hunter,Baby Hunter,90,360000,0,65780,45045,2,2800,3320,30,70,1,120,64,118,99,60,10,12,2,7,89,181,100,868,768,480,0,0,0,0,0,0,0,0,0,0,0,0,0,0,0,0,0,0,0,0,0,0,0,0,0,0,0,0
//3170,BABY_ASSASSIN,Baby Assassin,Baby Assassin,90,360000,0,65780,45045,2,2800,3320,30,70,1,120,64,118,99,60,10,12,2,7,89,181,100,868,768,480,0,0,0,0,0,0,0,0,0,0,0,0,0,0,0,0,0,0,0,0,0,0,0,0,0,0,0,0
//3171,BABY_KNIGHT_PECO,Baby Knight Peco,Baby Knight Peco,90,249000,0,51480,10725,1,1340,1590,60,35,1,90,90,35,125,65,10,10,1,7,80,181,100,580,500,288,0,0,0,0,0,0,0,0,0,0,0,0,0,0,0,0,0,0,0,0,0,0,0,0,0,0,0,0
//3172,BABY_CRUSADER,Baby Crusader,Baby Crusader,90,249000,0,51480,10725,1,1340,1590,60,35,1,90,90,35,125,65,10,10,1,7,80,181,100,580,500,288,0,0,0,0,0,0,0,0,0,0,0,0,0,0,0,0,0,0,0,0,0,0,0,0,0,0,0,0
//3173,BABY_MONK,Baby Monk,Baby Monk,90,360000,0,65780,45045,2,2800,3320,30,70,1,120,64,118,99,60,10,12,2,7,89,181,100,868,768,480,0,0,0,0,0,0,0,0,0,0,0,0,0,0,0,0,0,0,0,0,0,0,0,0,0,0,0,0
//3174,BABY_SAGE,Baby Sage,Baby Sage,90,360000,0,65780,45045,2,2800,3320,30,70,1,120,64,118,99,60,10,12,2,7,89,181,100,868,768,480,0,0,0,0,0,0,0,0,0,0,0,0,0,0,0,0,0,0,0,0,0,0,0,0,0,0,0,0
//3175,BABY_ROUGE,Baby Rouge,Baby Rouge,90,249000,0,51480,10725,1,1340,1590,60,35,1,90,90,35,125,65,10,10,1,7,80,181,100,580,500,288,0,0,0,0,0,0,0,0,0,0,0,0,0,0,0,0,0,0,0,0,0,0,0,0,0,0,0,0
//3176,BABY_ALCHEMIST,Baby Alchemist,Baby Alchemist,90,249000,0,51480,10725,1,1340,1590,60,35,1,90,90,35,125,65,10,10,1,7,80,181,100,580,500,288,0,0,0,0,0,0,0,0,0,0,0,0,0,0,0,0,0,0,0,0,0,0,0,0,0,0,0,0
//3177,BABY_BARD,Baby Bard,Baby Bard,90,360000,0,65780,45045,2,2800,3320,30,70,1,120,64,118,99,60,10,12,2,7,89,181,100,868,768,480,0,0,0,0,0,0,0,0,0,0,0,0,0,0,0,0,0,0,0,0,0,0,0,0,0,0,0,0
//3178,BABY_CRUSADER_PECO,Baby Crusader Peco,Baby Crusader Peco,90,249000,0,51480,10725,1,1340,1590,60,35,1,90,90,35,125,65,10,10,1,7,80,181,100,580,500,288,0,0,0,0,0,0,0,0,0,0,0,0,0,0,0,0,0,0,0,0,0,0,0,0,0,0,0,0
//3179,BABY_SUPER_NOVICE,Baby Super Novice,Baby Super Novice,90,249000,0,51480,10725,1,1340,1590,60,35,1,90,90,35,125,65,10,10,1,7,80,181,100,580,500,288,0,0,0,0,0,0,0,0,0,0,0,0,0,0,0,0,0,0,0,0,0,0,0,0,0,0,0,0
//
////-=-=CSS25 Custom Mob Baby Class (Female)=-=-
//3180,BABY_NOVICE,Baby Novice,Baby Novice,80,249000,0,51480,10725,1,1340,1590,60,35,1,90,90,35,125,65,10,10,1,7,80,181,100,580,500,288,0,0,0,0,0,0,0,0,0,0,0,0,0,0,0,0,0,0,0,0,0,0,0,0,0,0,0,0
//3181,BABY_SWORDMAN,Baby Swordman,Baby Swordman,80,249000,0,51480,10725,1,1340,1590,60,35,1,90,90,35,125,65,10,10,1,7,80,181,100,580,500,288,0,0,0,0,0,0,0,0,0,0,0,0,0,0,0,0,0,0,0,0,0,0,0,0,0,0,0,0
//3182,BABY_MAGICIAN,Baby Magician,Baby Magician,80,360000,0,65780,45045,2,2800,3320,30,70,1,120,64,118,99,60,10,12,2,7,89,181,100,868,768,480,0,0,0,0,0,0,0,0,0,0,0,0,0,0,0,0,0,0,0,0,0,0,0,0,0,0,0,0
//3183,BABY_ARCHER,Baby Archer,Baby Archer,80,360000,0,65780,45045,2,2800,3320,30,70,1,120,64,118,99,60,10,12,2,7,89,181,100,868,768,480,0,0,0,0,0,0,0,0,0,0,0,0,0,0,0,0,0,0,0,0,0,0,0,0,0,0,0,0
//3184,BABY_ACOLYTE,Baby Acolyte,Baby Acolyte,80,360000,0,65780,45045,2,2800,3320,30,70,1,120,64,118,99,60,10,12,2,7,89,181,100,868,768,480,0,0,0,0,0,0,0,0,0,0,0,0,0,0,0,0,0,0,0,0,0,0,0,0,0,0,0,0
//3185,BABY_MERCHANT,Baby Merchant,Baby Merchant,80,249000,0,51480,10725,1,1340,1590,60,35,1,90,90,35,125,65,10,10,1,7,80,181,100,580,500,288,0,0,0,0,0,0,0,0,0,0,0,0,0,0,0,0,0,0,0,0,0,0,0,0,0,0,0,0
//3186,BABY_THIEF,Baby Thief,Baby Thief,80,249000,0,51480,10725,1,1340,1590,60,35,1,90,90,35,125,65,10,10,1,7,80,181,100,580,500,288,0,0,0,0,0,0,0,0,0,0,0,0,0,0,0,0,0,0,0,0,0,0,0,0,0,0,0,0
//3187,BABY_KNIGHT,Baby Knight,Baby Knight,90,360000,0,65780,45045,2,2800,3320,30,70,1,120,64,118,99,60,10,12,2,7,89,181,100,868,768,480,0,0,0,0,0,0,0,0,0,0,0,0,0,0,0,0,0,0,0,0,0,0,0,0,0,0,0,0
//3188,BABY_PRIEST,Baby Priest,Baby Priest,90,249000,0,51480,10725,1,1340,1590,60,35,1,90,90,35,125,65,10,10,1,7,80,181,100,580,500,288,0,0,0,0,0,0,0,0,0,0,0,0,0,0,0,0,0,0,0,0,0,0,0,0,0,0,0,0
//3189,BABY_WIZARD,Baby Wizard,Baby Wizard,90,249000,0,51480,10725,1,1340,1590,60,35,1,90,90,35,125,65,10,10,1,7,80,181,100,580,500,288,0,0,0,0,0,0,0,0,0,0,0,0,0,0,0,0,0,0,0,0,0,0,0,0,0,0,0,0
//3190,BABY_BLACKSMITH,Baby Blacksmith,Baby Blacksmith,90,249000,0,51480,10725,1,1340,1590,60,35,1,90,90,35,125,65,10,10,1,7,80,181,100,580,500,288,0,0,0,0,0,0,0,0,0,0,0,0,0,0,0,0,0,0,0,0,0,0,0,0,0,0,0,0
//3191,BABY_HUNTER,Baby Hunter,Baby Hunter,90,360000,0,65780,45045,2,2800,3320,30,70,1,120,64,118,99,60,10,12,2,7,89,181,100,868,768,480,0,0,0,0,0,0,0,0,0,0,0,0,0,0,0,0,0,0,0,0,0,0,0,0,0,0,0,0
//3192,BABY_ASSASSIN,Baby Assassin,Baby Assassin,90,360000,0,65780,45045,2,2800,3320,30,70,1,120,64,118,99,60,10,12,2,7,89,181,100,868,768,480,0,0,0,0,0,0,0,0,0,0,0,0,0,0,0,0,0,0,0,0,0,0,0,0,0,0,0,0
//3193,BABY_KNIGHT_PECO,Baby Knight Peco,Baby Knight Peco,90,249000,0,51480,10725,1,1340,1590,60,35,1,90,90,35,125,65,10,10,1,7,80,181,100,580,500,288,0,0,0,0,0,0,0,0,0,0,0,0,0,0,0,0,0,0,0,0,0,0,0,0,0,0,0,0
//3194,BABY_CRUSADER,Baby Crusader,Baby Crusader,90,249000,0,51480,10725,1,1340,1590,60,35,1,90,90,35,125,65,10,10,1,7,80,181,100,580,500,288,0,0,0,0,0,0,0,0,0,0,0,0,0,0,0,0,0,0,0,0,0,0,0,0,0,0,0,0
//3195,BABY_MONK,Baby Monk,Baby Monk,90,360000,0,65780,45045,2,2800,3320,30,70,1,120,64,118,99,60,10,12,2,7,89,181,100,868,768,480,0,0,0,0,0,0,0,0,0,0,0,0,0,0,0,0,0,0,0,0,0,0,0,0,0,0,0,0
//3196,BABY_SAGE,Baby Sage,Baby Sage,90,360000,0,65780,45045,2,2800,3320,30,70,1,120,64,118,99,60,10,12,2,7,89,181,100,868,768,480,0,0,0,0,0,0,0,0,0,0,0,0,0,0,0,0,0,0,0,0,0,0,0,0,0,0,0,0
//3197,BABY_ROUGE,Baby Rouge,Baby Rouge,90,249000,0,51480,10725,1,1340,1590,60,35,1,90,90,35,125,65,10,10,1,7,80,181,100,580,500,288,0,0,0,0,0,0,0,0,0,0,0,0,0,0,0,0,0,0,0,0,0,0,0,0,0,0,0,0
//3198,BABY_ALCHEMIST,Baby Alchemist,Baby Alchemist,90,249000,0,51480,10725,1,1340,1590,60,35,1,90,90,35,125,65,10,10,1,7,80,181,100,580,500,288,0,0,0,0,0,0,0,0,0,0,0,0,0,0,0,0,0,0,0,0,0,0,0,0,0,0,0,0
//3199,BABY_DANCER,Baby Dancer,Baby Dancer,90,360000,0,65780,45045,2,2800,3320,30,70,1,120,64,118,99,60,10,12,2,7,89,181,100,868,768,480,0,0,0,0,0,0,0,0,0,0,0,0,0,0,0,0,0,0,0,0,0,0,0,0,0,0,0,0
//3204,BABY_CRUSADER_PECO,Baby Crusader Peco,Baby Crusader Peco,90,249000,0,51480,10725,1,1340,1590,60,35,1,90,90,35,125,65,10,10,1,7,80,181,100,580,500,288,0,0,0,0,0,0,0,0,0,0,0,0,0,0,0,0,0,0,0,0,0,0,0,0,0,0,0,0
//3205,BABY_SUPER_NOVICE,Baby Super Novice,Baby Super Novice,90,249000,0,51480,10725,1,1340,1590,60,35,1,90,90,35,125,65,10,10,1,7,80,181,100,580,500,288,0,0,0,0,0,0,0,0,0,0,0,0,0,0,0,0,0,0,0,0,0,0,0,0,0,0,0,0

//-=-=Wedding Class=-=-
3206,GROOM,Groom,Groom,99,79523,0,4580,3230,1,2345,1690,65,58,99,99,99,99,99,99,10,12,1,7,66,653,100,564,864,576,0,0,0,0,0,0,0,0,0,0,0,0,0,0,0,0,0,0,0,0,0,0,0,0,0,0,0,0
3207,BRIDE,Bride,Bride,99,79523,0,4580,3230,1,2345,1690,65,58,99,99,99,99,99,99,10,12,1,7,66,653,100,564,864,576,0,0,0,0,0,0,0,0,0,0,0,0,0,0,0,0,0,0,0,0,0,0,0,0,0,0,0,0
//-=-=Gunslinger and Ninja=-=-
//Female
3208,GUNSLINGER,Gunslinger,Gunslinger,90,50000,0,5780,5045,3,2800,3320,30,70,1,120,64,118,99,60,10,12,2,7,89,181,100,568,768,580,0,0,0,0,0,0,0,0,0,0,0,0,0,0,0,0,0,0,0,0,0,0,0,0,0,0,0,0
3209,NINJA,Ninja,Ninja,90,50000,0,5780,5045,3,2800,3320,30,70,1,120,64,118,99,60,10,12,2,7,89,181,100,568,768,580,0,0,0,0,0,0,0,0,0,0,0,0,0,0,0,0,0,0,0,0,0,0,0,0,0,0,0,0
//Male
3210,GUNSLINGER,Gunslinger,Gunslinger,90,50000,0,5780,5045,3,2800,3320,30,70,1,120,64,118,99,60,10,12,2,7,89,181,100,568,768,580,0,0,0,0,0,0,0,0,0,0,0,0,0,0,0,0,0,0,0,0,0,0,0,0,0,0,0,0
3211,NINJA,Ninja,Ninja,90,50000,0,5780,5045,3,2800,3320,30,70,1,120,64,118,99,60,10,12,2,7,89,181,100,568,768,580,0,0,0,0,0,0,0,0,0,0,0,0,0,0,0,0,0,0,0,0,0,0,0,0,0,0,0,0
3212,PRECASTER,Pre-Caster,Pre-Caster,90,40000,0,12000,9000,12,2000,2500,60,70,1,35,35,200,150,65,12,14,2,7,89,148,100,700,768,580,0,0,0,0,0,0,0,0,0,0,0,0,0,0,0,0,0,0,0,0,0,0,0,0,7005,500,16113,1

//Mvps Grandes
3250,GIANT_KHALITZBURG,Giant Khalitzburg,Giant Khalitzburg,73,1927600,0,14378,12750,1,3875,5025,45,10,1,65,67,255,773,40,10,12,2,1,29,1205,350,528,1000,396,1000,5000,932,500,0,0,0,0,932,8000,985,191,5017,100,2108,120,1004,100,504,1000,1127,60,1138,6,2281,20,16201,1
3251,GIANT_DEVILING,Giant Deviling,Giant Deviling,69,1576200,0,13780,10580,1,3575,5225,65,20,1,95,76,230,633,80,10,12,2,1,29,1205,350,528,1000,396,1000,5000,16501,1,0,0,0,0,7126,8000,984,171,5254,92,2255,100,912,111,505,950,2284,20,0,0,0,0,16202,1

3301,FAKE_EMPERIUM,Fake Emperium,Fake Emperium,100,1000000,0,10000,5000,1,1000,1000,20,100,1,2,3,4,2000,50,10,12,0,8,26,0,300,1288,288,384,0,0,0,0,0,0,0,0,0,0,0,0,0,0,0,0,0,0,0,0,0,0,0,0,0,0,0,0
3302,TESOURO1,Cristal,Tesouro,1,40,0,0,0,1,100,200,99,99,1,1,1,1,999,1,7,12,0,3,20,1511,200,40,50,1,500,1,0,0,0,0,0,0,607,900,616,900,2102,4500,2269,4500,2504,4500,2260,4500,2104,4500,2311,4500,12103,900,0,0
3303,TESOURO2,Cristal,Tesouro,1,100,0,0,0,1,100,200,99,99,1,1,1,1,999,1,7,12,0,3,20,1479,200,40,50,1,0,0,0,0,0,0,0,0,547,450,526,450,607,100,2504,45,969,10,603,9,617,9,616,5,12103,2,0,0
